0.0 0.0 0.0 8.688164 -12799346
-0.31619233 -0.82132655 2.8680036 9.271973 -12667000
-2.4991903 1.5377734 0.62393963 12.515815 -12005016
-2.040095 1.6387882 4.2605615 14.021465 -11739815
-2.1851323 -2.0201905 0.37951067 11.951583 -12137362
1.741738 2.573374 5.13265 8.7205515 -12799346
2.3570669 -2.9822118 4.6422677 7.267241 -13064292
2.5670063 -0.59770143 1.43291 6.443128 -13262684
-1.9056242 4.236242 -1.8500953 13.305128 -11872416
1.2220199 0.6652789 -2.6578321 8.857063 -12733555
-3.0487516 -6.2976146 -0.21250598 9.806507 -12534909
-0.6421422 -5.679984 1.8235757 8.734267 -12799346
0.23677221 -2.5017056 -3.1121387 10.454558 -12402563
3.5522842 -0.52943945 6.008408 8.441039 -12865391
1.3091894 -0.66475207 7.8641043 14.301418 -11673770
1.8594975 1.7017102 11.732281 10.143684 -12468608
4.9731355 -0.2371621 -0.46008652 9.487889 -12601210
2.3685308 -3.1384692 0.73489594 7.9931216 -12931947
-4.171053 -3.8609347 -1.9223686 10.041693 -12534399
6.4686956 2.5733042 -0.73081374 8.364452 -12865647
-0.5106215 -3.0244763 5.1567245 12.182441 -12071317
3.72541 -5.062732 6.4412775 10.434615 -12468099
7.87864 0.44798037 1.313898 13.189474 -11872671
3.0037205 -4.6379304 -2.3382185 12.438398 -12005271
0.11785 1.046062 -5.906934 8.316904 -12865646
-0.29952133 -1.9626331 -6.7125525 5.1490307 -13527375
1.8592025 -7.7808657 0.038522746 5.3767414 -13461329
-5.131787 -4.2223682 2.1991744 12.126851 -12071316
-6.7535896 1.7497731 0.57212013 11.957829 -12137362
-5.0900326 -0.25057057 6.166748 9.554663 -12600954
11.818929 -0.6865437 1.9600009 12.401263 -12005271
2.2311223 3.6132264 -2.6394486 7.8611126 -12932202
-3.733319 -3.8647954 7.219812 14.8012905 -11541679
-4.775783 5.171744 3.800652 13.497949 -11806626
-5.7662196 -7.484517 3.2760835 7.7278175 -12997992
-4.4750147 7.731234 1.0964762 5.2005835 -13527375
3.3444402 4.1057816 -5.996438 10.949313 -12336008
5.8967934 -7.985098 8.394404 12.685578 -12004762
0.30283993 3.396819 8.328859 9.143989 -12667254
6.3506727 3.4171016 -8.306165 12.228401 -12071317
-4.173851 6.7627645 7.605522 5.9869537 -13329239
0.94816947 5.887485 -8.027359 7.9690003 -12931947
6.9850883 -11.232292 10.679148 12.749916 -11939226
5.072408 1.7212878 14.010988 7.503919 -12998246
-3.7565207 -4.4149766 -5.5133057 8.89978 -12733300
3.2994106 -9.238299 -1.9410598 7.578204 -12998247
0.4510522 5.5070415 4.297562 6.478964 -13262684
2.9477024 6.2523136 -1.1043624 10.068305 -12534400
5.5750813 -8.072488 12.6393585 8.232808 -12865901
-6.7725215 -6.589754 7.3964934 9.372324 -12667001
-8.614552 -1.141193 2.342474 5.551342 -13395539
-6.736773 7.9807286 7.741048 11.563989 -12203662
2.0263457 -6.3035436 -6.0958405 13.9407835 -11740070
9.151905 -14.540544 10.237929 9.832854 -12534909
-6.4061503 -4.049162 -7.9728003 14.655299 -11607469
3.9383307 1.8835053 2.4376135 13.780632 -11740324
3.5289862 7.4881086 -10.023694 13.616029 -11806371
1.4784509 -8.597949 2.2112107 5.8709292 -13329494
-9.867605 -7.723232 8.245124 6.230583 -13263193
2.4085233 9.5817375 -1.5457441 12.879782 -11938715
4.6211205 12.951072 -2.6296341 6.203906 -13263193
-8.707171 6.0075016 3.0158052 14.553358 -11607724
3.2471607 -11.222638 2.740133 10.996441 -12336009
2.72427 3.1595647 15.446534 14.177259 -11674024
6.8718195 -4.8561187 5.4033523 7.927261 -12931946
-10.910264 -0.71083266 1.2086594 14.572784 -11607724
6.4436536 2.3967566 5.808174 5.8215075 -13395029
-2.506565 8.485929 4.6589856 8.6768675 -12799346
0.23431236 11.99771 -0.0078073 13.94006 -11740070
-1.2151829 -5.614999 -3.9993904 11.695558 -12203408
-6.5921974 -7.388125 -1.3994757 5.175512 -13527375
-3.678838 2.0644255 -4.2666492 14.5508795 -11607724
-11.817102 5.3797083 5.235921 5.2167416 -13527375
0.4843023 -1.6627696 -8.831798 8.516591 -12799600
-12.333459 -8.5366955 9.950404 5.732818 -13395284
-3.9953985 -7.871884 -6.56279 13.452276 -11806625
5.43579 -2.2244081 -3.8084369 13.357656 -11872416
-8.493158 -9.820939 -0.6445297 6.63371 -13196637
0.7313165 0.64239144 -10.956846 9.215371 -12667255
-9.745994 -10.704424 8.912403 12.920629 -11938716
-13.056319 -0.3851871 5.038277 6.352256 -13262939
-11.368049 3.7369432 0.8959399 6.8246646 -13196383
-9.26051 3.0615816 -2.2067358 6.2677183 -13262938
-0.9784984 14.814306 -2.1398194 12.207978 -12071317
-8.948762 -2.257804 -10.527202 5.8905854 -13329238
-8.5438595 -5.0506034 1.2222437 9.968213 -12534655
1.3872226 10.824478 -4.990617 14.049355 -11674279
-1.6945728 -1.308144 -11.807507 9.603029 -12600955
4.9544244 -9.359918 -7.5396028 11.549876 -12203662
-9.19852 -4.939773 -10.769675 8.29637 -12865646
8.525123 -0.4252425 5.209747 12.309701 -12071062
4.438743 2.4215276 7.445384 14.771405 -11541678
14.72916 2.2097576 1.7801319 9.10695 -12733046
-1.8575372 -8.663382 1.5796733 13.098108 -11872926
8.394797 1.5390342 8.435565 6.9786177 -13130593
-4.8578234 -7.0196333 9.804402 9.756691 -12600444
0.18441893 3.7641811 1.3404963 9.338411 -12667000
-7.472066 -5.479798 -3.7603261 11.215545 -12269963
-5.2149644 2.3324296 8.207551 6.7604284 -13196383
-4.0394845 0.76885617 -8.0057125 7.1014323 -13130338
6.58466 5.7572603 -2.1204267 9.969467 -12534655
8.4435215 -17.725569 11.979613 8.581785 -12799601
-0.07949936 -5.23076 8.5224905 6.862016 -13130848
-1.4834179 -4.107526 -7.869416 13.049197 -11872925
5.1724296 -1.6197717 9.571954 6.918518 -13130592
8.91283 -2.8770156 -5.769247 14.645355 -11607469
7.122745 -5.9513874 -3.721222 14.815609 -11541679
-10.052269 -7.613914 3.1591485 7.978289 -12931947
7.270559 9.106832 -2.8643656 11.658515 -12203407
-6.1386995 -9.91012 10.959285 6.809338 -13196383
11.45547 -0.7760883 -8.010611 6.37448 -13262939
9.697976 6.613957 -2.4909525 5.0946307 -13527630
-7.9400024 -7.3723826 -11.773036 9.377392 -12666745
2.2432997 -8.030775 8.629848 8.984007 -12733301
-14.666205 1.406303 2.8150887 14.664839 -11607469
13.246106 -0.93457836 -10.614479 11.975801 -12137362
5.739779 8.27982 -13.693047 7.668713 -12997992
-2.2787237 -11.52402 -5.568162 13.010004 -11938461
2.8815875 10.397339 -13.137419 13.169795 -11872670
-3.5562227 -1.3139243 10.32603 7.810159 -12997737
-11.115862 8.21645 5.824736 7.7199965 -12997992
-7.9303617 10.974683 6.454899 6.0547633 -13328984
-6.23981 9.7219095 11.070195 12.70132 -12004762
8.509988 -9.409329 -5.919853 12.114433 -12071572
4.6532745 -1.8986547 3.2775216 9.390025 -12666745
-13.171459 -4.1523957 2.2957163 11.118116 -12270218
15.793858 -1.8580536 1.7611442 14.283749 -11673769
-10.565928 -3.5361578 -4.4560966 8.34013 -12865646
3.152841 11.306515 -9.339293 8.177753 -12865901
-6.119543 -9.448122 6.5026283 11.503703 -12203662
-12.264651 -6.474981 -5.714276 13.82741 -11740325
-7.625134 -8.818675 -5.752244 8.093542 -12931692
9.995906 -4.4490337 -1.1348834 5.884278 -13329238
1.069334 7.595416 2.2729237 13.521023 -11806370
11.57267 -18.283104 12.522032 10.613566 -12402309
7.9438734 5.4502163 -5.3094277 8.696104 -12799346
3.8094263 -14.49626 0.5888382 7.7556367 -12997737
5.823168 -5.4625545 0.50121623 14.778654 -11541678
-3.002846 -9.036275 -3.054281 9.941931 -12534654
-1.5840738 -9.178133 -9.069321 8.501302 -12799600
6.7571936 11.105563 -0.08236217 7.068061 -13130338
-13.065661 -9.027524 -8.473035 8.212395 -12865901
-11.278849 -9.803959 -1.292267 10.809579 -12336263
12.0272665 -11.886058 -6.1697955 10.761274 -12336262
-7.4230933 4.8990006 -1.3774871 13.478606 -11806625
-18.573427 3.594435 1.7628585 14.46274 -11607979
6.0680294 -0.55507314 12.604401 12.195183 -12071317
-8.449938 -2.0802286 6.7283874 7.9007254 -12931946
-4.6898475 -7.847195 -10.603154 14.012932 -11739815
-0.021153243 0.27811217 13.997222 7.3743715 -13064293
-13.7638 -7.63571 2.8729289 6.4150596 -13262683
11.433439 1.219508 9.632719 13.807696 -11740325
7.731356 12.560705 -2.730366 5.298324 -13461584
6.9245243 -15.50766 0.75059783 9.235978 -12667255
0.6399455 -12.639913 -8.051278 5.097589 -13527630
-13.863576 5.7037473 0.51816267 12.190213 -12071317
8.778368 4.4520288 1.7662632 12.573875 -12005016
-4.2112308 -2.4719322 13.1207905 13.911976 -11740070
14.00654 -12.519457 -9.385095 12.59017 -12005017
9.430621 0.7440265 14.124797 14.174775 -11674024
-5.7888503 10.460838 1.0296012 5.121083 -13527630
2.0168698 5.038499 10.702605 7.238372 -13064547
-7.88196 -9.80109 3.2883646 13.067921 -11872925
6.1954827 -13.353063 2.883011 8.137089 -12931436
-3.1304555 6.872321 -4.896066 9.056934 -12733045
11.28246 8.142295 -1.5521429 14.963234 -11541424
12.849772 -1.4444628 5.3662734 11.255945 -12269707
-14.57491 -10.383761 -1.9363469 9.257447 -12666999
2.761406 9.321054 5.147095 6.9178863 -13130592
4.5365767 2.1173203 -3.3070266 9.107922 -12733046
3.7697382 11.370101 7.2463727 12.507033 -12005016
1.6727492 -10.870172 -0.20313546 5.4825373 -13461330
-11.725382 -5.5839744 -0.5785239 9.136977 -12667254
9.772801 7.4206643 -6.739886 13.908444 -11740070
11.656305 10.695741 -8.586716 5.994264 -13329239
-10.779177 -7.2454906 -9.3441 10.452492 -12402563
-1.9351432 8.663718 -1.4816253 5.377626 -13461329
2.3178117 14.517573 -13.559785 12.467009 -12005271
-5.3130994 -1.5577568 -4.2830324 14.983051 -11541424
8.503511 -3.2562788 7.8158116 12.516392 -12005016
13.1227045 -4.8768544 -0.10441891 13.736517 -11740580
-6.5349317 8.090865 -3.5822575 14.90203 -11541424
7.09836 2.6661856 -11.768802 10.539738 -12402308
11.797166 -0.69881535 17.359104 12.211406 -12071317
10.915279 -10.811764 11.178663 13.064281 -11872925
9.622465 7.2423725 4.8945055 8.130574 -12931436
5.527856 -9.46898 0.8838669 9.613947 -12600955
-6.991339 1.6843581 -8.323707 8.520213 -12799600
-11.092461 -4.3966713 -13.476893 8.076527 -12931692
5.03947 5.681348 11.761208 6.4504075 -13262684
-15.560245 -9.856936 4.6604238 5.199454 -13527375
4.6443033 -11.231114 -10.406367 6.8482866 -13130848
-2.1182582 1.9579793 -9.574929 8.539086 -12799600
-3.7380786 3.1768758 -12.038863 10.809538 -12336263
-2.710043 -12.375 2.9180644 5.2334332 -13461839
2.859618 7.3927603 -6.0966926 8.977086 -12733301
16.500393 -3.1570592 -10.852197 12.610191 -12005017
7.6493 2.853259 -3.7877593 13.059317 -11872925
-12.346104 -3.6211462 -16.597023 8.036512 -12931691
-15.311339 -3.0209124 -16.894882 7.251157 -13064292
2.104008 -2.0748322 -11.630486 10.408602 -12468099
8.405427 -19.968435 14.373952 9.582901 -12600955
5.017958 7.118643 2.2682648 5.4261303 -13461329
-15.425381 -7.118846 -0.6161601 11.946578 -12137362
12.525376 6.2663145 5.371053 7.0505376 -13130338
-6.136139 1.3808047 -13.6176815 6.474048 -13262684
-1.4754751 3.628498 -6.9754558 10.1533 -12468608
12.889133 4.7126937 2.7678082 12.145169 -12071316
-0.053132415 -7.6575603 4.7285256 14.759627 -11541678
-18.073324 -7.752867 -3.6397898 5.9119525 -13329238
3.2236836 11.096512 3.2365549 12.017926 -12137107
3.7205582 -10.963728 7.8710933 6.5033016 -13262428
19.961342 0.046663947 1.242037 11.202858 -12269963
-0.58106625 13.019842 -7.426043 10.535996 -12402308
2.7632697 2.1958783 -13.547786 6.9104266 -13130592
-8.996733 -5.052942 9.46185 11.05613 -12335753
-9.029119 1.1003243 -4.155033 5.9418907 -13329239
7.9294105 -8.935989 -1.1280742 9.470036 -12601210
-7.5524907 -12.94777 5.5959864 5.1074767 -13527630
-0.52926165 8.936948 -7.9906716 6.6375046 -13196637
-10.142644 -8.8578415 -13.403932 8.8129015 -12733555
-1.1364108 0.51992965 -14.947847 6.1789937 -13328729
-10.647152 -0.2063772 -5.5313244 9.41727 -12666745
5.1806564 -11.334138 -3.701093 8.622772 -12799601
8.478506 -9.386685 6.000424 13.159453 -11872670
-13.452623 -8.494947 -12.118701 14.561299 -11607724
-7.8909717 -11.736026 -4.9998302 10.224779 -12468609
0.8731448 7.230449 -13.113284 6.516143 -13262428
-16.336962 -10.519769 -7.9647994 13.14173 -11872670
2.870953 -12.023796 -8.49623 5.588841 -13395539
11.908859 -4.656273 -7.8420796 13.130065 -11872670
-10.437485 9.46433 -5.146396 10.406229 -12468099
0.3220117 5.5561805 17.117973 7.831771 -12932201
21.68853 -2.5831969 2.6333847 12.401877 -12005271
-8.52131 -3.2510796 4.100943 5.7027645 -13395284
-7.74479 2.185483 4.0301247 5.5028553 -13461074
0.7639524 14.693741 2.9172637 5.4782143 -13461330
-10.513377 -0.08399582 5.784624 7.0494933 -13130338
0.59756464 7.180919 6.9337807 12.893477 -11938716
-9.285789 9.097439 0.10371612 14.84513 -11541679
-12.679893 -0.58299416 -7.992525 9.185342 -12667255
11.854165 -21.551664 13.379263 7.036934 -13130337
5.827769 -3.6404197 14.449372 5.8478293 -13395030
14.73619 7.320616 4.272374 13.835297 -11740325
-15.808852 -2.058082 1.3581332 10.300075 -12468354
-2.2168021 -0.7004546 -6.602662 14.499325 -11607980
-6.7046714 12.25305 14.314688 6.2615876 -13262938
-9.996741 4.701936 6.852516 8.504767 -12799600
1.9027276 0.56743157 -15.876327 8.036885 -12931691
-5.147428 -12.817687 2.2827458 5.1670074 -13527375
6.0251455 6.3964434 14.552773 7.995266 -12931947
11.515318 -9.611794 0.10383532 12.358248 -12071062
10.938554 -7.9210095 -3.6885793 13.294426 -11872416
1.6265768 3.3154979 19.656082 8.320911 -12865646
0.627515 -15.081589 -9.805703 9.434244 -12666745
-0.99977916 -13.339557 4.1299734 14.26877 -11673769
4.681735 -17.365349 -0.7252561 11.228988 -12269963
11.566018 -1.9388245 12.307242 12.657095 -12004761
6.6416144 13.158373 2.7832005 14.035511 -11674279
2.7214646 2.7509878 -9.220938 12.210955 -12071317
11.491885 3.5026014 -4.966728 10.948759 -12336008
9.561257 -6.6154165 9.477268 6.3877773 -13262683
-11.979378 -10.024516 12.490138 12.644696 -12004761
12.063327 -13.35735 0.2394966 14.621715 -11607725
16.820137 5.5783806 6.853068 11.679149 -12203408
13.041419 2.5792794 17.529083 13.001914 -11938461
-14.093251 -4.553238 -13.440546 9.497161 -12601210
10.525934 2.9108496 -1.3159275 12.867129 -11938971
-10.986007 1.3123046 8.578198 12.92329 -11938716
-0.40823644 -10.374799 7.822842 6.891531 -13130592
4.785963 -0.7757715 -14.194812 14.334471 -11673770
-4.2738895 5.3875732 -7.2600226 14.671122 -11607469
13.388648 -15.674105 -7.685487 11.503168 -12203662
-14.014087 -2.299486 -11.059738 5.5207796 -13461074
0.8633801 5.9060493 -3.6569326 5.772682 -13395029
14.88666 9.599406 -3.1998198 9.426046 -12666745
-6.2776313 -9.026318 -14.25191 10.915619 -12336008
-9.722588 -12.665481 1.0280683 6.9728394 -13130593
13.910233 6.72851 -7.0874953 5.95141 -13329239
-3.6699305 2.6730006 -15.342317 12.057262 -12137107
18.17417 -4.2646103 3.5373213 8.173816 -12865901
-0.72732574 -4.229699 -12.2711315 13.55553 -11806370
-13.989869 9.738314 -5.783496 13.572768 -11806370
-15.720938 0.34705624 -8.759663 12.553175 -12005016
3.2171566 3.2065663 -16.381933 10.22864 -12468609
-2.5367184 4.1540804 9.864516 13.679669 -11806115
-10.867623 -13.38265 -5.1768255 11.706819 -12203408
11.622102 10.907729 1.3957633 13.399231 -11806625
-7.158927 -11.982003 -12.891136 6.1757107 -13328729
-16.896637 -1.4862548 -12.381217 5.444944 -13461330
8.108084 16.750263 3.8324533 8.195259 -12865901
-8.199271 3.9055932 -10.654498 6.968787 -13130593
1.6210843 -8.402612 12.319423 12.752629 -11938970
10.005364 3.4051619 -13.315312 6.2762375 -13262938
-1.3949167 10.091821 9.602569 10.127655 -12468608
1.4520906 12.37972 10.031648 9.425697 -12666745
5.483678 16.0209 -14.0449295 9.117359 -12733046
-2.737634 17.007624 -5.219784 13.549085 -11806370
-18.163988 -4.9722 2.519275 9.694589 -12600700
11.088558 17.388407 3.9606903 6.8829784 -13130592
-0.74519926 10.517293 -10.66917 12.572465 -12005016
5.475817 -7.148772 4.3486185 11.426108 -12203917
-5.579543 -15.717266 3.2918599 6.739704 -13196638
7.249432 5.5707517 17.787987 13.438797 -11806625
-4.520043 6.8810983 -11.323414 9.761281 -12600444
15.933661 -12.084915 0.27098098 9.097008 -12733046
-2.8532114 10.651725 -4.7328634 13.537666 -11806370
8.395593 -11.203106 -9.643879 9.275534 -12667000
17.061306 5.4964905 1.6432799 7.9108934 -12931946
-6.230857 -0.6966119 3.1130617 5.2728705 -13461584
-3.0985212 11.683268 4.7854404 9.717667 -12600700
-7.8083553 -0.67622346 13.948917 10.259587 -12468353
-13.015654 10.760644 -1.9497027 7.933161 -12931946
-11.654777 -5.523583 12.556122 13.131269 -11872670
-1.166647 -15.601627 -6.65042 9.83216 -12534909
9.716138 -6.841776 1.6693645 8.419078 -12865391
12.390308 -10.420628 5.1856365 5.618807 -13395539
6.9219356 16.573292 1.1886015 8.941837 -12733300
-2.7837598 12.389276 -14.133526 12.83811 -11938971
-16.125675 -11.825709 0.33963943 5.3035083 -13461584
0.11814785 -7.5939894 -15.209122 8.770976 -12799091
3.6663043 8.145033 9.445459 6.3226767 -13262938
-6.3238297 9.716642 15.053106 11.713096 -12203408
3.8252873 -0.8672301 -18.590725 7.543958 -12998246
-14.799254 2.546729 9.924526 6.923443 -13130592
-1.9810177 14.804432 5.7362266 6.486205 -13262684
-13.240808 9.183482 8.021515 12.571204 -12005016
8.595369 -18.02395 1.1210504 5.934283 -13329238
1.7957047 -9.848573 -4.5586247 6.275013 -13262938
-14.709845 11.460049 -9.65856 12.928711 -11938716
-8.756126 -9.381215 -16.622967 5.9737225 -13329239
14.580301 7.911416 -9.264145 6.0432773 -13328984
-13.855395 -8.794619 -16.114672 5.6454663 -13395284
-1.6328872 5.5084987 13.85605 6.801105 -13196383
23.468 -4.982948 0.65044063 8.6472025 -12799345
8.230204 -5.2509613 11.388203 9.744702 -12600700
-18.207006 -10.439378 -11.6414795 9.619739 -12600955
0.37579024 -12.956437 -0.9947361 6.66907 -13196638
11.134034 2.1949747 -8.198497 11.526581 -12203662
-16.181938 -4.7870703 -6.2632885 13.116532 -11872926
5.875567 8.174103 4.4341598 12.595852 -12005017
-5.888425 -11.329474 -2.4432495 13.528989 -11806370
-6.333229 -12.46059 9.675945 9.933577 -12534654
7.63886 9.327722 18.40221 6.9127264 -13130592
3.5539324 -1.281139 -7.051826 12.188437 -12071317
-11.334478 5.3145194 -3.5050678 8.791759 -12799091
-12.807079 1.3927379 -1.7432578 13.780702 -11740324
-19.540073 6.622441 3.915205 11.250289 -12269707
3.6924646 -15.14927 -10.856576 12.363522 -12071062
-12.2722025 -9.974493 2.429497 9.479787 -12601210
-17.574991 -9.769952 6.055395 9.958769 -12534654
-6.782329 4.5983267 8.766723 6.2813354 -13262938
-19.482622 -12.7369375 5.847873 5.7915754 -13395029
-6.470569 4.6225433 11.522319 11.10317 -12270218
18.214756 -5.3702044 0.61946845 5.5208864 -13461074
11.915543 -1.4412668 20.783232 5.434324 -13461329
13.125625 -3.4004118 19.802904 11.20466 -12269963
-5.361603 -3.852238 -12.345584 14.589272 -11607724
25.847956 -1.4582503 2.3992593 8.918483 -12733300
14.681951 -12.517214 12.520371 7.3105803 -13064292
-12.690395 7.0215635 3.827734 5.029811 -13527629
6.1490293 19.972738 2.0686107 9.235592 -12667255
1.0880778 10.929667 -16.714018 7.3749986 -13064293
19.733458 -1.9953716 -13.513299 6.5116863 -13262428
-0.95771116 -13.86404 7.9291387 7.2446594 -13064547
-0.60708517 16.860302 -14.119552 8.939066 -12733300
-6.3658724 18.822628 -6.7959137 11.500458 -12203662
-8.02118 8.616809 18.585243 12.550259 -12005016
-22.202538 5.9158463 1.0248009 9.262595 -12667000
-19.697437 -7.2490788 -0.67939097 13.925578 -11740070
-7.1570983 -6.4405236 -16.379732 13.455203 -11806625
-5.1552486 9.063806 3.502971 9.561102 -12600954
-1.4416189 -9.608009 13.950193 6.7036133 -13196638
-8.895421 6.7809896 -6.6249275 14.86174 -11541679
15.894406 0.48923326 6.0107 12.363663 -12071062
-11.818608 5.3446755 9.36776 7.7816606 -12997737
-10.293167 -14.50098 9.152719 12.143309 -12071316
-22.621721 2.1766155 3.5383365 10.576626 -12402309
-9.8420105 12.786561 5.3515067 10.259096 -12468353
12.923063 7.8593874 7.7604456 10.710167 -12402054
1.0960345 -12.315664 -4.015369 12.35632 -12071062
-6.383164 -7.3183064 12.716035 14.654421 -11607469
-10.005402 11.326058 19.915123 13.6078415 -11806371
9.022896 6.1447825 21.373554 9.476816 -12601210
-0.6971484 -15.961135 -0.869593 11.181852 -12269963
-0.3454333 -7.98587 -11.493762 9.879583 -12534654
12.828258 -0.094280645 -2.104019 9.416659 -12666745
-14.003271 -5.3805666 5.5639777 8.277763 -12865646
-17.82851 14.461131 -9.9005 12.937712 -11938716
14.877125 -6.6024466 -4.907017 12.924368 -11938716
-15.691183 -1.6102419 6.339868 11.069362 -12335753
-10.200318 -14.793244 -1.0552274 11.723689 -12203408
7.245171 -11.224823 14.883237 12.295655 -12071062
-11.751633 -18.54479 9.694839 14.764243 -11541678
20.030487 -0.21945551 6.3032784 7.368976 -13064293
-4.968004 -11.358526 13.050008 6.644134 -13196637
3.5715349 18.398136 -14.9917555 14.704655 -11541934
6.7716722 -15.985261 4.755626 5.089936 -13527630
8.447974 -1.7229563 -9.729499 8.7792845 -12799091
0.76268566 -11.969608 12.047691 7.2657475 -13064292
